=== Vanilla (unconstrained) ===
 Sample  Data MSE  Data NRMSE (%)  Phys MSE (spectral)   IC MSE  Mass drift MSE
      1  0.421949         15.9449             0.007324 0.103313        0.001730
      2  1.069726         25.9806             0.015268 0.096749        0.008444
      3  0.766734         22.4608             0.010658 0.092452        0.001227
      4  0.658745         19.9003             0.004639 0.201599        0.001944
      5  0.442786         16.3821             0.003878 0.078519        0.000258
      6  0.772930         21.8336             0.013685 0.176292        0.005324
      7  0.196091         11.3731             0.003979 0.064579        0.000026
      8  0.583752         18.4121             0.003385 0.325778        0.000144
      9  0.540810         17.4992             0.006282 0.158853        0.004009
     10  0.253976         12.7675             0.007758 0.115442        0.002710
     11  0.542912         18.7237             0.007670 0.093767        0.000170
     12  0.462727         15.9939             0.003337 0.148383        0.000256
     13  0.386911         14.7202             0.003806 0.126578        0.005983
     14  0.703310         19.8302             0.009329 0.122253        0.001214
     15  0.511760         18.0136             0.005377 0.080460        0.000042
     16  0.510744         17.4835             0.007458 0.236447        0.000119
     17  0.877884         23.9183             0.011042 0.142844        0.003519
     18  0.763418         20.7224             0.004902 0.380005        0.001969
     19  0.566099         18.4363             0.003889 0.116482        0.000623
     20  0.550947         18.6303             0.003867 0.161153        0.000125

=== Mean Metrics Across Samples ===
  Data MSE            : 5.792106e-01
  Data NRMSE (%)      : 1.845133e+01
  Phys MSE (spectral) : 6.876600e-03
  IC MSE              : 1.510974e-01
  Mass drift MSE      : 1.991859e-03
