=== PCFM (IC+mass projection, interp=none) ===
 Sample    Data MSE  Data NRMSE (%)  Phys MSE (spectral)       IC MSE  Mass drift MSE
      1 4305.220215       1610.6032         5.877890e+06 1.212385e+03    8.795728e-01
      2 7361.524902       2155.2438         1.699763e+07 6.041443e+03    1.854977e+01
      3    1.772751         34.1529         3.494433e-02 1.326926e-15    1.207320e-11
      4    0.855647         22.6803         2.305660e-02 1.292314e-14    6.768905e-11
      5    0.568360         18.5603         1.395641e-02 5.444544e-15    4.304163e-11
      6    1.751541         32.8675         4.421146e-02 5.015291e-15    3.675404e-11
      7    0.683506         21.2335         2.445540e-02 3.066502e-15    4.946268e-11
      8    0.663391         19.6279         1.167707e-02 6.813160e-16    8.657633e-12
      9    1.041804         24.2878         2.647247e-02 7.450251e-15    4.777968e-11
     10    0.275434         13.2960         1.614889e-02 3.837898e-15    4.979416e-11
     11    0.619021         19.9930         1.309908e-02 2.712119e-15    1.028831e-11
     12    0.633683         18.7166         1.133077e-02 4.348858e-15    2.591554e-11
     13  218.940979        350.1651         1.919100e+04 7.450291e-13    3.012777e-08
     14    1.090846         24.6965         1.098588e-01 2.299110e-14    2.486718e-10
     15    0.289386         13.5458         4.498560e-03 7.043775e-16    4.705614e-12
     16    1.016616         24.6663         2.299530e-02 2.598654e-15    1.932335e-11
     17    2.192237         37.7969         4.873282e-01 7.148935e-14    5.308629e-10
     18 3050.643799       1309.9481         3.746041e+06 5.331100e+02    1.737558e+00
     19    0.620399         19.3003         1.982847e-02 8.739251e-15    5.890537e-11
     20    0.883566         23.5930         1.966397e-02 4.393322e-15    3.136496e-11

=== Mean Metrics Across Samples ===
  Data MSE            : 7.475644e+02
  Data NRMSE (%)      : 2.897487e+02
  Phys MSE (spectral) : 1.332038e+06
  IC MSE              : 3.893469e+02
  Mass drift MSE      : 1.058345e+00
